{
 "cells": [
  {
   "cell_type": "markdown",
   "id": "0b527495-3cc1-470f-b212-5ef6a0793d3b",
   "metadata": {},
   "source": [
    "# Lecture 2\n",
    "\n",
    "### Motivation:\n",
    "\n",
    "* What happens underneath when we call `eigh(...)`?\n",
    "* How can we optimize our codes for performance by exploiting known properties of the matrices in question?\n",
    "  \n",
    "$\\rightarrow$ explore Python documentation!\n",
    "  \n",
    "$\\rightarrow$ Scipy modules use `lapack`, `arpack`, `blas` linear algebra libraries written in FORTRAN"
   ]
  },
  {
   "cell_type": "code",
   "execution_count": 20,
   "id": "45861c4c-c68b-4cd0-bd0b-7c008db790b7",
   "metadata": {},
   "outputs": [],
   "source": [
    "import sys\n",
    "sys.path.append(\"..\")\n",
    "\n",
    "import numpy as np\n",
    "import qutip as qt\n",
    "from qutip import Bloch\n",
    "from scipy import sparse\n",
    "from numpy.linalg import qr\n",
    "from scipy.sparse import diags\n",
    "from scipy.linalg import expm, eigh\n",
    "from scipy.sparse import coo_matrix, csr_matrix\n",
    "import Comp_Quant_Dynam as cqd   # custom package\n",
    "from Comp_Quant_Dynam.operators import X, Y, Z, I\n",
    "import quantum_algorithms as qa  # custom package "
   ]
  },
  {
   "cell_type": "markdown",
   "id": "26dce918-aea2-4f4c-a06c-24a21665fad6",
   "metadata": {},
   "source": [
    "# 2.1 Properties of Matrices (Operators)\n",
    "\n",
    "Important classes of matrices (operators) include:\n",
    "\n",
    "- Hermitian matrices\n",
    "- Symmetric matrices\n",
    "- Unitary matrices\n",
    "- Normal matrices\n",
    "\n",
    "These matrix classes are fundamental in linear algebra, quantum mechanics, and computational quantum dynamics."
   ]
  },
  {
   "cell_type": "markdown",
   "id": "2e89b644-4368-4ce9-bf67-90969a4b29ac",
   "metadata": {},
   "source": [
    "## Hermitian matrices\n",
    "A matrix H, which is $\n",
    "H \\in \\mathbb{C}^{n \\times n}\n",
    "$\n",
    " $$ H^\\dagger = (H^*)^T = H $$ it is called Hermitian. \n",
    "### Properties\n",
    "\n",
    "- eigenvalues are real\n",
    "- eigenvectors corresponding to different eigenvalues are orthogonal\n",
    "- Hermitian matrices represent observables and Hamiltonians in quantum mechanics"
   ]
  },
  {
   "cell_type": "code",
   "execution_count": 21,
   "id": "30890cb6-af79-4b78-989f-8ec63bd898a7",
   "metadata": {},
   "outputs": [
    {
     "name": "stdout",
     "output_type": "stream",
     "text": [
      "A =\n",
      " [[ 2.+0.j  0.+1.j]\n",
      " [-0.-1.j  3.+0.j]]\n",
      "A_dagger =\n",
      " [[ 2.-0.j -0.+1.j]\n",
      " [ 0.-1.j  3.-0.j]]\n",
      "Is A Hermitian? True\n",
      "Eigenvalues= [1.38196601 3.61803399]\n",
      "Are eigenvalues real? True\n"
     ]
    }
   ],
   "source": [
    "# Hermitian matrix(operators) A  \n",
    "A = np.array([[2, 1j], [-1j, 3]], dtype=complex)\n",
    "\n",
    "# Check Hermitian property\n",
    "print(\"A =\\n\", A)\n",
    "print(\"A_dagger =\\n\", A.conj().T)\n",
    "print(\"Is A Hermitian?\", np.allclose(A, A.conj().T))\n",
    "\n",
    "#eigenvalues and eigenvectors\n",
    "eigenvalues, eigenvectors = eigh(A)\n",
    "print(\"Eigenvalues=\", eigenvalues)\n",
    "\n",
    "# Check eigenvalues of Hermitian matrices is real\n",
    "print(\"Are eigenvalues real?\", np.all(np.isreal(eigenvalues)))"
   ]
  },
  {
   "cell_type": "markdown",
   "id": "cabc3ce1-7914-45c5-9b44-25f1ec6839a5",
   "metadata": {},
   "source": [
    "## Unitary matrices\n",
    "\n",
    "A matrix H, which is $\n",
    "H \\in \\mathbb{C}^{n \\times n}$\n",
    "\n",
    " $$ \\quad H^\\dagger = H^{-1}=\\quad H^\\dagger H = H H^\\dagger = \\mathbb{1} $$ it is called Unitary \n",
    "\n",
    " ### Properties\n",
    "  * unit eigenvalues $|\\lambda_i| = 1$\n",
    "  * preserve angles and norm: $\\langle \\psi | \\phi \\rangle = \\langle \\psi | A^\\dagger A | \\phi \\rangle$\n",
    "\n",
    "e.g., time evolution operator $e^{-iHt}$, basis change"
   ]
  },
  {
   "cell_type": "code",
   "execution_count": 22,
   "id": "7f256343-127b-403a-b8c9-9c8c8bd636ba",
   "metadata": {},
   "outputs": [
    {
     "name": "stdout",
     "output_type": "stream",
     "text": [
      "H:\n",
      " [[ 0.70710678+0.j  0.70710678+0.j]\n",
      " [-0.70710678+0.j  0.70710678+0.j]]\n",
      "H† (conjugate transpose):\n",
      " [[ 0.70710678-0.j -0.70710678-0.j]\n",
      " [ 0.70710678-0.j  0.70710678-0.j]]\n",
      "H⁻¹ (inverse)=\n",
      " [[ 0.70710678+0.j -0.70710678+0.j]\n",
      " [ 0.70710678+0.j  0.70710678+0.j]]\n",
      "Check H† = H⁻¹,  True\n",
      "H† H =\n",
      " [[1.+0.j 0.+0.j]\n",
      " [0.+0.j 1.+0.j]]\n",
      "Check †H H = I,  True\n"
     ]
    }
   ],
   "source": [
    "# unitary matrix\n",
    "H = (1/np.sqrt(2)) * np.array([\n",
    "    [1,  1],\n",
    "    [-1, 1]\n",
    "], dtype=complex)\n",
    "\n",
    "# Conjugate transpose (Hermitian adjoint)\n",
    "H_dagger = H.conj().T\n",
    "\n",
    "# Inverse of A\n",
    "H_inv = np.linalg.inv(H)\n",
    "\n",
    "print(\"H:\\n\", H)\n",
    "print(\"H† (conjugate transpose):\\n\", H_dagger)\n",
    "print(\"H⁻¹ (inverse)=\\n\", H_inv)\n",
    "\n",
    "# Check H† = H⁻¹\n",
    "print(\"Check H† = H⁻¹, \", np.allclose(H_dagger, H_inv))\n",
    "\n",
    "# Check H† H = I\n",
    "print(\"H† H =\\n\", H_dagger @ H)\n",
    "print(\"Check †H H = I, \", np.allclose(H_dagger @ H, I))"
   ]
  },
  {
   "cell_type": "markdown",
   "id": "fb3ebefb-4a69-4442-b5c2-dd0857ca5e80",
   "metadata": {},
   "source": [
    "## Normal matrices\n",
    "A matrix H, which is $\n",
    "H \\in \\mathbb{C}^{n \\times n}\n",
    "$\n",
    " $$ \\quad H^\\dagger H = H H^\\dagger \\quad $$ it is called Normal \n",
    "\n",
    "### Properties\n",
    "  * all normal matrices are **diagonalizable**, i.e. there exists a unitary matrix $U$ such that $U^{-1}AU = D$ where $D$ is a diagonal matrix. $\\quad (= U^\\dagger A U)$\n",
    "\n",
    "e.g., hermitian matrices, unitary matrices"
   ]
  },
  {
   "cell_type": "code",
   "execution_count": 23,
   "id": "6ed9762b-d603-44e8-91e1-b16bb436e35a",
   "metadata": {},
   "outputs": [
    {
     "name": "stdout",
     "output_type": "stream",
     "text": [
      "Q=\n",
      " [[-0.70710678+0.j -0.70710678+0.j]\n",
      " [-0.70710678-0.j  0.70710678+0.j]]\n",
      "R=\n",
      " [[-1.41421356e+00+0.j -3.33066907e-16+0.j]\n",
      " [ 0.00000000e+00+0.j  1.41421356e+00+0.j]]\n",
      "A†A =\n",
      " [[2.+0.j 0.+0.j]\n",
      " [0.+0.j 2.+0.j]]\n",
      "AA† =\n",
      " [[2.+0.j 0.+0.j]\n",
      " [0.+0.j 2.+0.j]]\n",
      "Are they equal?, True\n"
     ]
    }
   ],
   "source": [
    "#Normal matrix(A†A = AA†)\n",
    "A = np.array([\n",
    "    [1, -1],\n",
    "    [1,  1]\n",
    "], dtype=complex)\n",
    "q, r = qr(A)\n",
    "print(\"Q=\\n\", q)\n",
    "print(\"R=\\n\", r)\n",
    "\n",
    "# Hermitian conjugate (A†)\n",
    "A_dagger = A.conj().T\n",
    "print(\"A†A =\\n\", A_dagger @ A)\n",
    "print(\"AA† =\\n\", A @ A_dagger)\n",
    "print(\"Are they equal?,\", np.allclose(A_dagger @ A, A @ A_dagger))"
   ]
  },
  {
   "cell_type": "markdown",
   "id": "d52d91b6-14f3-4ccb-aa0e-01ad02490ef1",
   "metadata": {},
   "source": [
    "## Symmetric matrix\n",
    "\n",
    "A matrix H, which is $\n",
    "H \\in \\mathbb{C}^{n \\times n}\n",
    "$\n",
    " $$ \\quad H = H^T\\quad $$ it is called Symmetric.\n",
    "\n",
    "### Properties\n",
    "\n",
    "- entries satisfy\n",
    "\n",
    "$$\n",
    "H_{ij} = H_{ji}\n",
    "$$\n",
    "\n",
    "- if all entries are real, the matrix is symmetric about the main diagonal\n",
    "\n",
    "- symmetric matrices are a special case of Hermitian matrices when all entries are real\n",
    "\n",
    "- eigenvalues of real symmetric matrices are real\n",
    "\n",
    "- eigenvectors corresponding to different eigenvalues are orthogonal\n",
    "\n",
    "example. \n",
    "- Symmetric: \\(I, X, Z, S, T\\)\n",
    "- Not symmetric: \\(Y\\)"
   ]
  },
  {
   "cell_type": "code",
   "execution_count": 24,
   "id": "a1d49f1c-7070-4b00-afaf-8b1fa234a2e0",
   "metadata": {},
   "outputs": [
    {
     "name": "stdout",
     "output_type": "stream",
     "text": [
      "X_tran =\n",
      " [[0.+0.j 1.+0.j]\n",
      " [1.+0.j 0.+0.j]]\n",
      "Are they equal?, True\n"
     ]
    }
   ],
   "source": [
    "#Symmetric\n",
    "X_tran = X.T\n",
    "print(\"X_tran =\\n\", X_tran)\n",
    "print(\"Are they equal?,\", np.allclose(X, X_tran))"
   ]
  },
  {
   "cell_type": "code",
   "execution_count": 25,
   "id": "93c1d9bd-ad22-4586-9e3b-63d11d306bbc",
   "metadata": {},
   "outputs": [
    {
     "name": "stdout",
     "output_type": "stream",
     "text": [
      "Y_tran =\n",
      " [[ 0.+0.j  0.+1.j]\n",
      " [-0.-1.j  0.+0.j]]\n",
      "Are they equal?, False\n"
     ]
    }
   ],
   "source": [
    "#Symmetric\n",
    "Y_tran = Y.T\n",
    "print(\"Y_tran =\\n\", Y_tran)\n",
    "print(\"Are they equal?,\", np.allclose(Y, Y_tran))"
   ]
  },
  {
   "cell_type": "markdown",
   "id": "2dbcf727-59de-49aa-8304-3f79b48b8173",
   "metadata": {},
   "source": [
    "#### Idea behind most numerical diagonalization algorithms\n",
    "\n",
    " Find a series of unitary transformations \n",
    "\n",
    "$$A \\rightarrow U_1^{-1} A U_1 \\rightarrow U_2^{-1} U_1^{-1} A U_1 U_2 \\rightarrow \\dots \\rightarrow D$$\n",
    "\n",
    "that converges to a diagonal matrix $\\quad \\underbrace{U_1 \\dots U_n}_{:= U} = U$\n",
    "\n",
    "Then, approximate eigenvectors will be the columns of $U$."
   ]
  },
  {
   "cell_type": "markdown",
   "id": "f31b4738-f5e7-41ce-936c-cc5fdccb8210",
   "metadata": {},
   "source": [
    "# 2.2 QR Algorithm (QR Iteration)\n",
    "\n",
    "The QR algorithm is a numerical linear algebra eigenvalue algorithm; that is, it is a procedure used to calculate the eigenvalues and eigenvectors of a matrix.\n",
    "\n",
    "The basic idea is to perform a QR decomposition by writing the matrix as a product of an **orthogonal (or unitary) matrix** and an **upper triangular matrix**. The factors are then multiplied in reverse order, and this process is repeated iteratively.\n",
    "\n",
    "The QR algorithm is one of the most important numerical methods for computing **eigenvalues** and **eigenvectors**.\n",
    "\n",
    "## QR Decomposition\n",
    "\n",
    "A = QR\n",
    "\n",
    "\n",
    "where:\n",
    "\n",
    "- \\(Q\\) is a unitary (or orthogonal) matrix\n",
    "- \\(R\\) is an upper triangular matrix\n",
    "\n",
    "The QR algorithm iteratively computes QR decompositions:\n",
    "\n",
    "$$\n",
    "\\left.\n",
    "\\begin{aligned}\n",
    "A_0 &= Q_1 R_1 \\\\\n",
    "A_1 &= R_1 Q_1\n",
    "\\end{aligned}\n",
    "\\right\\}\n",
    "\\text{iterate}\n",
    "$$\n",
    "\n",
    "$$\n",
    "\\left.\n",
    "\\begin{aligned}\n",
    "A_1 &= Q_2 R_2 \\\\\n",
    "A_2 &= R_2 Q_2\n",
    "\\end{aligned}\n",
    "\\right\\}\n",
    "\\text{iterate}\n",
    "$$\n",
    "\n",
    "$$\n",
    "\\left.\n",
    "\\begin{aligned}\n",
    "A_2 &= Q_3 R_3 \\\\\n",
    "A_3 &= R_3 Q_3\n",
    "\\end{aligned}\n",
    "\\right\\}\n",
    "\\text{iterate}\n",
    "$$\n",
    "\n",
    "$$\n",
    "\\left.\n",
    "\\begin{aligned}\n",
    "A_3 &= Q_4 R_4 \\\\\n",
    "A_4 &= R_4 Q_4\n",
    "\\end{aligned}\n",
    "\\right\\}\n",
    "\\text{iterate}\n",
    "$$\n",
    "\n",
    "$$\n",
    "\\left.\n",
    "\\begin{aligned}\n",
    "A_4 &= Q_5 R_5 \\\\\n",
    "A_5 &= R_5 Q_5\n",
    "\\end{aligned}\n",
    "\\right\\}\n",
    "\\text{iterate}\n",
    "$$\n",
    "\n",
    "$$\n",
    "\\vdots\n",
    "$$\n",
    "\n",
    "with\n",
    "\n",
    "$$\n",
    "\\begin{aligned}\n",
    "Q &: \\text{unitary matrix} \\\\\n",
    "R &: \\text{upper triangular matrix}\n",
    "\\end{aligned}\n",
    "$$\n",
    "\n",
    "An algorithm for computing \\(Q\\) and \\(R\\) from a given matrix \\(A\\) is known.\n",
    "\n",
    "Using\n",
    "\n",
    "$$\n",
    "R_n = Q_n^{-1} A_{n-1},\n",
    "$$\n",
    "\n",
    "one obtains\n",
    "\n",
    "$$\n",
    "A_n = R_n Q_n = Q_n^{-1} A_{n-1} Q_n.\n",
    "$$\n",
    "\n",
    "Therefore, each iteration is a similarity transformation.\n",
    "\n",
    "The sequence\n",
    "\n",
    "Series $A_0, A_1, A_2 \\dots$ **converges to a diagonal matrix** $D$  \n",
    "off-diagonal elements decay as\n",
    "\n",
    "$$a_{ij}^{(k)} \\sim \\left| \\frac{\\lambda_i}{\\lambda_j} \\right|^k \\qquad \\begin{aligned} &\\text{where wlog } i < j \\text{ and} \\\\ &\\text{sorted eigenvalues } \\lambda_1 \\gg \\lambda_2 \\gg \\dots \\\\ &\\text{are assumed.} \\end{aligned}$$\n",
    "\n",
    "Hence, the QR algorithm produces an approximate eigenvalue decomposition:\n",
    "\n",
    "$$\n",
    "D \\approx A_n\n",
    "=\n",
    "R_n Q_n\n",
    "=\n",
    "Q_n^{-1} A_{n-1} Q_n\n",
    "=\n",
    "\\cdots\n",
    "=\n",
    "\\underbrace{Q_n^{-1}\\cdots Q_1^{-1}}_{U^\\dagger}\n",
    "A\n",
    "\\underbrace{Q_1 \\cdots Q_n}_{U}.\n",
    "$$\n",
    "\n",
    "The columns of \\(U\\) approximate the eigenvectors of \\(A\\), while the diagonal entries of \\(D\\) approximate the eigenvalues.\n",
    "\n"
   ]
  },
  {
   "cell_type": "markdown",
   "id": "ca4ef320-0518-4bd4-8f4d-50ccf41a6c93",
   "metadata": {},
   "source": [
    "# Problem:\n",
    "* **Convergence can be slow** if the eigenvalues are closely spaced.\n",
    "* **Computationally costly:** each QR decomposition step requires $\\mathcal{O}(N^3)$ operations. Since a single QR iteration has a cost of $\\mathcal{O}(N^3)$ and the convergence is linear, the standard QR algorithm can become computationally very expensive.\n",
    "\n",
    "### Solution: Add a reduction (\"preconditioning\") step\n",
    "\n",
    "The total number of reduction steps is generally **$(N-2)$**.\n",
    "\n",
    "1. Bring $A$ to Hessenberg form\n",
    "   $$\n",
    "   \\begin{pmatrix}\n",
    "   \\dots & \\dots & \\dots \\\\\n",
    "   \\dots & \\dots & \\dots \\\\\n",
    "   0 & \\dots & \\dots\n",
    "   \\end{pmatrix}\n",
    "   $$\n",
    "   using **<u>Householder transformations</u>**.  \n",
    "   *(For Hermitian $A$, this reduces to a tridiagonal form.)*\n",
    "\n",
    "2. Apply the QR iteration using **<u>Givens rotations</u>**.\n",
    "\n",
    "### Householder transformation\n",
    "\n",
    "Householder transformations are used to reduce a matrix to Hessenberg form.\n",
    "\n",
    "For a Hermitian matrix, the Hessenberg form becomes tridiagonal.\n",
    "\n",
    "A Householder reflector is defined by\n",
    "\n",
    "$$\n",
    "P = \\mathbb{1} - 2|u\\rangle\\langle u|\n",
    "$$\n",
    "\n",
    "where \\(u\\) is a normalized vector:\n",
    "\n",
    "$$\n",
    "\\|u\\| = 1\n",
    "$$\n",
    "\n",
    "The reflector is unitary and Hermitian:\n",
    "\n",
    "$$\n",
    "P^\\dagger = P^{-1} = P\n",
    "$$\n",
    "\n",
    "Householder transformations are used to successively eliminate matrix elements below the first subdiagonal."
   ]
  },
  {
   "cell_type": "code",
   "execution_count": 30,
   "id": "8def4707-8657-4eca-bda5-40aad1e96074",
   "metadata": {},
   "outputs": [
    {
     "name": "stdout",
     "output_type": "stream",
     "text": [
      "Q=\n",
      " [[-0.14744196  0.10224779  0.98377145]\n",
      " [ 0.88465174 -0.43118447  0.17740141]\n",
      " [ 0.44232587  0.89645153 -0.026879  ]]\n",
      "R=\n",
      " [[ 6.78232998 19.02001234  3.39116499]\n",
      " [ 0.         27.42697815  6.43526965]\n",
      " [ 0.          0.         10.00436428]]\n",
      "Vector(V)= [6. 3.]\n",
      "alpha =  -6.708203932499369\n",
      "u= [0.97324899 0.22975292]\n",
      "P_small:\n",
      " [[-0.89442719 -0.4472136 ]\n",
      " [-0.4472136   0.89442719]]\n",
      "P1:\n",
      " [[ 1.          0.          0.        ]\n",
      " [ 0.         -0.89442719 -0.4472136 ]\n",
      " [ 0.         -0.4472136   0.89442719]]\n",
      "A1:\n",
      " [[-1.00000000e+00 -4.47213595e+00  8.94427191e+00]\n",
      " [-6.70820393e+00  1.94000000e+01  4.20000000e+00]\n",
      " [ 6.66133815e-16 -2.68000000e+01 -7.40000000e+00]]\n",
      "V2=\n",
      " [-26.8]\n",
      "alpha2 =  26.799999999999994\n",
      "u2:\n",
      " [-1.]\n",
      "P2_small:\n",
      " [[-1.]]\n",
      "P2:\n",
      " [[ 1.  0.  0.]\n",
      " [ 0.  1.  0.]\n",
      " [ 0.  0. -1.]]\n",
      "A2:\n",
      " [[-1.00000000e+00 -4.47213595e+00 -8.94427191e+00]\n",
      " [-6.70820393e+00  1.94000000e+01 -4.20000000e+00]\n",
      " [-6.66133815e-16  2.68000000e+01 -7.40000000e+00]]\n"
     ]
    }
   ],
   "source": [
    "# Original 3x3 matrix\n",
    "A = np.array([\n",
    "    [-1, 0, 10],\n",
    "    [6, 5, 2],\n",
    "    [3, 33, 7],\n",
    "], dtype=float)\n",
    "\n",
    "q, r = qr(A)\n",
    "print(\"Q=\\n\", q)\n",
    "print('R=\\n', r)\n",
    "\n",
    "# Matrix size\n",
    "n = A.shape[0]\n",
    "#Construct Householder Reflection P1\n",
    "V = A[1:, 0]#(Take first column below diagonal)\n",
    "print(\"Vector(V)=\", V)\n",
    "\n",
    "# Compute norm of V\n",
    "norm_V = np.linalg.norm(V)\n",
    "\n",
    "# Choose alpha(we can choose any we want )\n",
    "alpha = -np.sign(V[0]) * norm_V\n",
    "print(\"alpha = \", alpha)\n",
    "\n",
    "# First basis vector e1\n",
    "e1 = np.zeros_like(V)\n",
    "e1[0] = 1\n",
    "\n",
    "# Construct Householder vector u\n",
    "u = V - alpha * e1\n",
    "\n",
    "# Normalize u(Normalized Householder vector u)\n",
    "u = u / np.linalg.norm(u)\n",
    "print(\"u=\", u)\n",
    "\n",
    "# Construct a small Householder matrix, P_small = I - 2uu^T\n",
    "P1_small = np.eye(len(V)) - 2 * np.outer(u, u)\n",
    "print(\"P_small:\\n\", P1_small)\n",
    "\n",
    "# Embed into full matrix P1\n",
    "P1 = np.eye(n)\n",
    "\n",
    "# Insert P_small into lower-right block\n",
    "P1[1:, 1:] = P1_small\n",
    "print(\"P1:\\n\", P1) #full Householder matrix P1\n",
    "\n",
    "# Transformed matrix A1,  A1 = P1^T A P1(from A to A1 by Embed into full matrix P1)\n",
    "A1 = P1.T @ A @ P1\n",
    "print(\"A1:\\n\", A1)\n",
    "\n",
    "#second track \n",
    "#Construct Householder Reflection P2\n",
    "# Now work on the lower-right 3x3 block of A1\n",
    "# Take column 2 below the diagonal\n",
    "\n",
    "V2 = A1[2:, 1] #(Take second column below diagonal)\n",
    "print(\"V2=\\n\", V2) #Vector V2 (entries below a22)\n",
    "norm_V2 = np.linalg.norm(V2)\n",
    "\n",
    "# Choose alpha\n",
    "alpha2 = -np.sign(V2[0]) * norm_V2\n",
    "print(\"alpha2 = \", alpha2)\n",
    "\n",
    "# Basis vector e1\n",
    "e1_2 = np.zeros_like(V2)\n",
    "e1_2[0] = 1\n",
    "\n",
    "# Construct Householder vector\n",
    "u2 = V2 - alpha2 * e1_2\n",
    "u2 = u2 / np.linalg.norm(u2)\n",
    "print(\"u2:\\n\", u2)\n",
    "\n",
    "# Small Householder matrix\n",
    "P2_small = np.eye(len(V2)) - 2 * np.outer(u2, u2)\n",
    "print(\"P2_small:\\n\", P2_small)\n",
    "# Embed into full 4x4 matrix\n",
    "P2 = np.eye(n)\n",
    "\n",
    "# Insert into lower-right corner\n",
    "P2[2:, 2:] = P2_small\n",
    "print(\"P2:\\n\", P2)\n",
    "\n",
    "# Second similarity transformation\n",
    "A2 = P2.T @ A1 @ P2\n",
    "print(\"A2:\\n\", A2)"
   ]
  },
  {
   "cell_type": "code",
   "execution_count": 31,
   "id": "f6f4d07f-e04d-4458-b3db-568b36d9c7f3",
   "metadata": {},
   "outputs": [
    {
     "name": "stdout",
     "output_type": "stream",
     "text": [
      "Q=\n",
      " [[-0.79862086 -0.19049605  0.56120143  0.10473267]\n",
      " [-0.08873565 -0.76690023 -0.4670494   0.4311089 ]\n",
      " [-0.26620695 -0.2716105  -0.30829646 -0.87196037]\n",
      " [-0.53241391  0.54936603 -0.60981235  0.2070297 ]]\n",
      "R=\n",
      " [[-11.26942767 -13.22161199  -7.54253033  -7.27632338]\n",
      " [  0.         -12.81362464  -0.87996885   4.07415746]\n",
      " [  0.           0.          -5.6864656   -5.75106651]\n",
      " [  0.           0.           0.           1.83891084]]\n",
      "Vector(V)= [1. 3. 6.]\n",
      "alpha =  -6.782329983125268\n",
      "u= [0.75744371 0.29198597 0.58397193]\n",
      "P_small:\n",
      " [[-0.14744196 -0.44232587 -0.88465174]\n",
      " [-0.44232587  0.82948839 -0.34102322]\n",
      " [-0.88465174 -0.34102322  0.31795356]]\n",
      "P1:\n",
      " [[ 1.          0.          0.          0.        ]\n",
      " [ 0.         -0.14744196 -0.44232587 -0.88465174]\n",
      " [ 0.         -0.44232587  0.82948839 -0.34102322]\n",
      " [ 0.         -0.88465174 -0.34102322  0.31795356]]\n",
      "A1:\n",
      " [[ 9.00000000e+00 -5.01302651e+00 -3.94381755e+00 -1.18876351e+01]\n",
      " [-6.78232998e+00  1.28260870e+01 -1.78853182e+00  4.08991808e+00]\n",
      " [-7.77156117e-16  2.90654113e+00 -8.07546864e-02 -1.50755416e+00]\n",
      " [-1.99840144e-15  1.24238161e+00  2.47337865e+00  1.22546677e+01]]\n",
      "V2=\n",
      " [2.90654113 1.24238161]\n",
      "alpha2 =  -3.1609323598810115\n",
      "u2:\n",
      " [0.97967346 0.20059887]\n",
      "P2_small:\n",
      " [[-0.91952019 -0.39304277]\n",
      " [-0.39304277  0.91952019]]\n",
      "P2:\n",
      " [[ 1.          0.          0.          0.        ]\n",
      " [ 0.          1.          0.          0.        ]\n",
      " [ 0.          0.         -0.91952019 -0.39304277]\n",
      " [ 0.          0.         -0.39304277  0.91952019]]\n",
      "A2:\n",
      " [[ 9.00000000e+00 -5.01302651e+00  8.29876890e+00 -9.38083152e+00]\n",
      " [-6.78232998e+00  1.28260870e+01  3.70783855e-02  4.46373176e+00]\n",
      " [ 1.50006798e-15 -3.16093236e+00  2.17391304e+00 -2.80139717e+00]\n",
      " [-1.53211488e-15 -3.42970246e-16 -6.78232998e+00  1.00000000e+01]]\n"
     ]
    }
   ],
   "source": [
    "# Original 4x4 matrix\n",
    "A = np.array([\n",
    "    [9, 13, 3, 2],\n",
    "    [1, 11, 4, 1],\n",
    "    [3, 7, 4, 1],\n",
    "    [6, 0, 7, 10]\n",
    "], dtype=float)\n",
    "\n",
    "q, r = qr(A)\n",
    "print(\"Q=\\n\", q)\n",
    "print('R=\\n', r)\n",
    "\n",
    "# Matrix size\n",
    "n = A.shape[0]\n",
    "#Construct Householder Reflection P1\n",
    "V = A[1:, 0]#(Take first column below diagonal)\n",
    "print(\"Vector(V)=\", V)\n",
    "\n",
    "# Compute norm of V\n",
    "norm_V = np.linalg.norm(V)\n",
    "\n",
    "# Choose alpha(we can choose any we want )\n",
    "alpha = -np.sign(V[0]) * norm_V\n",
    "print(\"alpha = \", alpha)\n",
    "\n",
    "# First basis vector e1\n",
    "e1 = np.zeros_like(V)\n",
    "e1[0] = 1\n",
    "\n",
    "# Construct Householder vector u\n",
    "u = V - alpha * e1\n",
    "\n",
    "# Normalize u(Normalized Householder vector u)\n",
    "u = u / np.linalg.norm(u)\n",
    "print(\"u=\", u)\n",
    "\n",
    "# Construct a small Householder matrix, P_small = I - 2uu^T\n",
    "P1_small = np.eye(len(V)) - 2 * np.outer(u, u)\n",
    "print(\"P_small:\\n\", P1_small)\n",
    "\n",
    "# Embed into full matrix P1\n",
    "P1 = np.eye(n)\n",
    "\n",
    "# Insert P_small into lower-right block\n",
    "P1[1:, 1:] = P1_small\n",
    "print(\"P1:\\n\", P1) #full Householder matrix P1\n",
    "\n",
    "# Transformed matrix A1,  A1 = P1^T A P1(from A to A1 by Embed into full matrix P1)\n",
    "A1 = P1.T @ A @ P1\n",
    "print(\"A1:\\n\", A1)\n",
    "\n",
    "#second track \n",
    "#Construct Householder Reflection P2\n",
    "# Now work on the lower-right 3x3 block of A1\n",
    "# Take column 2 below the diagonal\n",
    "\n",
    "V2 = A1[2:, 1] #(Take second column below diagonal)\n",
    "print(\"V2=\\n\", V2) #Vector V2 (entries below a22)\n",
    "norm_V2 = np.linalg.norm(V2)\n",
    "\n",
    "# Choose alpha\n",
    "alpha2 = -np.sign(V2[0]) * norm_V2\n",
    "print(\"alpha2 = \", alpha2)\n",
    "\n",
    "# Basis vector e1\n",
    "e1_2 = np.zeros_like(V2)\n",
    "e1_2[0] = 1\n",
    "\n",
    "# Construct Householder vector\n",
    "u2 = V2 - alpha2 * e1_2\n",
    "u2 = u2 / np.linalg.norm(u2)\n",
    "print(\"u2:\\n\", u2)\n",
    "\n",
    "# Small Householder matrix\n",
    "P2_small = np.eye(len(V2)) - 2 * np.outer(u2, u2)\n",
    "print(\"P2_small:\\n\", P2_small)\n",
    "# Embed into full 4x4 matrix\n",
    "P2 = np.eye(n)\n",
    "\n",
    "# Insert into lower-right corner\n",
    "P2[2:, 2:] = P2_small\n",
    "print(\"P2:\\n\", P2)\n",
    "\n",
    "# Second similarity transformation\n",
    "A2 = P2.T @ A1 @ P2\n",
    "print(\"A2:\\n\", A2)"
   ]
  },
  {
   "cell_type": "code",
   "execution_count": 32,
   "id": "a04ffa8e-f5dc-41ee-8f44-c5a067f1ac09",
   "metadata": {},
   "outputs": [
    {
     "name": "stdout",
     "output_type": "stream",
     "text": [
      "Q=\n",
      " [[-4.74921344e-02  6.70174029e-02  9.52495758e-01  2.93006866e-01\n",
      "  -1.23276845e-02]\n",
      " [-5.51935616e-02  8.42389792e-04 -6.87485543e-02  1.73074764e-01\n",
      "  -9.80954496e-01]\n",
      " [-3.85071360e-03  9.97726101e-01 -6.40534454e-02 -2.05227966e-02\n",
      "   1.94159106e-03]\n",
      " [-9.97334823e-01 -7.09154575e-03 -4.05666868e-02 -2.58704893e-02\n",
      "   5.43877006e-02]\n",
      " [-2.56714240e-03  5.43038806e-04 -2.86839618e-01  9.39734875e-01\n",
      "   1.86049759e-01]]\n",
      "R=\n",
      " [[-7.79076376e+02 -6.33403881e+01 -7.28298300e+01 -5.19345744e+01\n",
      "  -1.56159016e+03]\n",
      " [ 0.00000000e+00  8.90801201e+03  9.98132459e+02  5.41126845e+01\n",
      "   3.99090736e+05]\n",
      " [ 0.00000000e+00  0.00000000e+00 -6.02113854e+01  6.93307633e+02\n",
      "  -2.56679118e+04]\n",
      " [ 0.00000000e+00  0.00000000e+00  0.00000000e+00  2.81680924e+02\n",
      "  -8.06175434e+03]\n",
      " [ 0.00000000e+00  0.00000000e+00  0.00000000e+00  0.00000000e+00\n",
      "   6.05252627e+02]]\n",
      "Vector(V)= [ 43.   3. 777.   2.]\n",
      "alpha =  -778.1972757598165\n",
      "u= [0.72638004 0.00265361 0.68728587 0.00176908]\n",
      "P_small:\n",
      " [[-5.52559118e-02 -3.85506361e-03 -9.98461475e-01 -2.57004241e-03]\n",
      " [-3.85506361e-03  9.99985917e-01 -3.64758203e-03 -9.38888553e-06]\n",
      " [-9.98461475e-01 -3.64758203e-03  5.52762543e-02 -2.43172135e-03]\n",
      " [-2.57004241e-03 -9.38888553e-06 -2.43172135e-03  9.99993741e-01]]\n",
      "P1:\n",
      " [[ 1.00000000e+00  0.00000000e+00  0.00000000e+00  0.00000000e+00\n",
      "   0.00000000e+00]\n",
      " [ 0.00000000e+00 -5.52559118e-02 -3.85506361e-03 -9.98461475e-01\n",
      "  -2.57004241e-03]\n",
      " [ 0.00000000e+00 -3.85506361e-03  9.99985917e-01 -3.64758203e-03\n",
      "  -9.38888553e-06]\n",
      " [ 0.00000000e+00 -9.98461475e-01 -3.64758203e-03  5.52762543e-02\n",
      "  -2.43172135e-03]\n",
      " [ 0.00000000e+00 -2.57004241e-03 -9.38888553e-06 -2.43172135e-03\n",
      "   9.99993741e-01]]\n",
      "A1:\n",
      " [[ 3.70000000e+01 -7.81056448e+02  7.95472103e+00 -5.57727253e+02\n",
      "  -1.36351931e+00]\n",
      " [-7.78197276e+02  2.25801605e+01 -7.20840780e+01  3.79904037e+01\n",
      "  -1.56311918e+03]\n",
      " [-5.51892787e-17 -1.52687913e+03  9.61655966e+02 -9.85026063e+03\n",
      "   3.99968201e+05]\n",
      " [-8.01633065e-14  9.96996204e+00 -8.72369512e+00  4.72271920e+01\n",
      "  -1.65633721e+03]\n",
      " [ 0.00000000e+00 -6.64850089e+01  1.75412700e+01 -1.58155018e+00\n",
      "   1.15536682e+02]]\n",
      "V2=\n",
      " [-1526.87912972     9.96996204   -66.48500886]\n",
      "alpha2 =  1528.3584439896256\n",
      "u2:\n",
      " [-0.99975799  0.00326245 -0.02175573]\n",
      "P2_small:\n",
      " [[-9.99032089e-01  6.52331400e-03 -4.35009268e-02]\n",
      " [ 6.52331400e-03  9.99978713e-01  1.41953802e-04]\n",
      " [-4.35009268e-02  1.41953802e-04  9.99053377e-01]]\n",
      "P2:\n",
      " [[ 1.00000000e+00  0.00000000e+00  0.00000000e+00  0.00000000e+00\n",
      "   0.00000000e+00]\n",
      " [ 0.00000000e+00  1.00000000e+00  0.00000000e+00  0.00000000e+00\n",
      "   0.00000000e+00]\n",
      " [ 0.00000000e+00  0.00000000e+00 -9.99032089e-01  6.52331400e-03\n",
      "  -4.35009268e-02]\n",
      " [ 0.00000000e+00  0.00000000e+00  6.52331400e-03  9.99978713e-01\n",
      "   1.41953802e-04]\n",
      " [ 0.00000000e+00  0.00000000e+00 -4.35009268e-02  1.41953802e-04\n",
      "   9.99053377e-01]]\n",
      "A2:\n",
      " [[ 3.70000000e+01 -7.81056448e+02 -1.15259372e+01 -5.57663683e+02\n",
      "  -1.78743781e+00]\n",
      " [-7.78197276e+02  2.25801605e+01  1.40259264e+02  3.72974772e+01\n",
      "  -1.55849838e+03]\n",
      " [-4.67794560e-16  1.52835844e+03  1.84076465e+04  9.77789709e+03\n",
      "  -3.99175406e+05]\n",
      " [-8.01619601e-14  2.48645774e-16 -3.91147302e+01 -1.69107281e+01\n",
      "   9.52034707e+02]\n",
      " [-8.97870136e-18 -1.90028538e-14  7.78932030e+02  4.24300951e+02\n",
      "  -1.72663159e+04]]\n",
      "V3=\n",
      " [-39.11473016 778.93203009]\n",
      "alpha3 =  779.9135013657592\n",
      "u3:\n",
      " [-0.72462151  0.68914706]\n",
      "P3_small:\n",
      " [[-0.05015265  0.99874156]\n",
      " [ 0.99874156  0.05015265]]\n",
      "P3:\n",
      " [[ 1.          0.          0.          0.          0.        ]\n",
      " [ 0.          1.          0.          0.          0.        ]\n",
      " [ 0.          0.          1.          0.          0.        ]\n",
      " [ 0.          0.          0.         -0.05015265  0.99874156]\n",
      " [ 0.          0.          0.          0.99874156  0.05015265]]\n",
      "A3:\n",
      " [[ 3.70000000e+01 -7.81056448e+02 -1.15259372e+01  2.61831240e+01\n",
      "  -5.57051543e+02]\n",
      " [-7.78197276e+02  2.25801605e+01  1.40259264e+02 -1.55840768e+03\n",
      "  -4.09122856e+01]\n",
      " [-4.67794560e-16  1.52835844e+03  1.84076465e+04 -3.99163456e+05\n",
      "  -1.02541128e+04]\n",
      " [ 4.01136746e-15 -1.89914102e-14  7.79913501e+02 -1.72918687e+04\n",
      "  -4.43175663e+02]\n",
      " [-8.00615317e-14 -7.04710637e-16 -6.54106086e-14  8.45580929e+01\n",
      "   8.64205879e+00]]\n"
     ]
    }
   ],
   "source": [
    "# Original 4x4 matrix\n",
    "A = np.array([\n",
    "    [37, 600, 13, 749, 2],\n",
    "    [43, 11, 9,  4, 198],\n",
    "    [3, 8888, 1000, 4, 400000],\n",
    "    [777, 0, 68, 16, 10],\n",
    "    [2, 5, 18, 66, 120]\n",
    "], dtype=float)\n",
    "\n",
    "q, r = qr(A)\n",
    "print(\"Q=\\n\", q)\n",
    "print('R=\\n', r)\n",
    "\n",
    "# Matrix size\n",
    "n = A.shape[0]\n",
    "#Construct Householder Reflection P1\n",
    "V = A[1:, 0]#(Take first column below diagonal)\n",
    "print(\"Vector(V)=\", V)\n",
    "\n",
    "# Compute norm of V\n",
    "norm_V = np.linalg.norm(V)\n",
    "\n",
    "# Choose alpha(we can choose any we want )\n",
    "alpha = -np.sign(V[0]) * norm_V\n",
    "print(\"alpha = \", alpha)\n",
    "\n",
    "# First basis vector e1\n",
    "e1 = np.zeros_like(V)\n",
    "e1[0] = 1\n",
    "\n",
    "# Construct Householder vector u\n",
    "u = V - alpha * e1\n",
    "\n",
    "# Normalize u(Normalized Householder vector u)\n",
    "u = u / np.linalg.norm(u)\n",
    "print(\"u=\", u)\n",
    "\n",
    "# Construct a small Householder matrix, P_small = I - 2uu^T\n",
    "P1_small = np.eye(len(V)) - 2 * np.outer(u, u)\n",
    "print(\"P_small:\\n\", P1_small)\n",
    "\n",
    "# Embed into full matrix P1\n",
    "P1 = np.eye(n)\n",
    "\n",
    "# Insert P_small into lower-right block\n",
    "P1[1:, 1:] = P1_small\n",
    "print(\"P1:\\n\", P1) #full Householder matrix P1\n",
    "\n",
    "# Transformed matrix A1,  A1 = P1^T A P1(from A to A1 by Embed into full matrix P1)\n",
    "A1 = P1.T @ A @ P1\n",
    "print(\"A1:\\n\", A1)\n",
    "\n",
    "#second track \n",
    "#Construct Householder Reflection P2\n",
    "# Now work on the lower-right 4x4 block of A1\n",
    "# Take column 2 below the diagonal\n",
    "\n",
    "V2 = A1[2:, 1] #(Take second column below diagonal)\n",
    "print(\"V2=\\n\", V2) #Vector V2 (entries below a22)\n",
    "norm_V2 = np.linalg.norm(V2)\n",
    "\n",
    "# Choose alpha\n",
    "alpha2 = -np.sign(V2[0]) * norm_V2\n",
    "print(\"alpha2 = \", alpha2)\n",
    "\n",
    "# Basis vector e1\n",
    "e1_2 = np.zeros_like(V2)\n",
    "e1_2[0] = 1\n",
    "\n",
    "# Construct Householder vector\n",
    "u2 = V2 - alpha2 * e1_2\n",
    "u2 = u2 / np.linalg.norm(u2)\n",
    "print(\"u2:\\n\", u2)\n",
    "\n",
    "# Small Householder matrix\n",
    "P2_small = np.eye(len(V2)) - 2 * np.outer(u2, u2)\n",
    "print(\"P2_small:\\n\", P2_small)\n",
    "# Embed into full 4x4 matrix\n",
    "P2 = np.eye(n)\n",
    "\n",
    "# Insert into lower-right corner\n",
    "P2[2:, 2:] = P2_small\n",
    "print(\"P2:\\n\", P2)\n",
    "\n",
    "# Second similarity transformation\n",
    "A2 = P2.T @ A1 @ P2\n",
    "print(\"A2:\\n\", A2)\n",
    "\n",
    "#Third track (5-2=3) three steps to \n",
    "#Construct Householder Reflection P3\n",
    "# Now work on the lower-right 4x4 block of A3\n",
    "# Take column 4 below the diagonal\n",
    "\n",
    "V3 = A2[3:, 2] #(Take second column below diagonal)\n",
    "print(\"V3=\\n\", V3) #Vector V2 (entries below a22)\n",
    "norm_V3 = np.linalg.norm(V3)\n",
    "\n",
    "# Choose alpha\n",
    "alpha3 = -np.sign(V3[0]) * norm_V3\n",
    "print(\"alpha3 = \", alpha3)\n",
    "\n",
    "# Basis vector e1\n",
    "e1_3 = np.zeros_like(V3)\n",
    "e1_3[0] = 1\n",
    "\n",
    "# Construct Householder vector\n",
    "u3 = V3 - alpha3 * e1_3\n",
    "u3 = u3 / np.linalg.norm(u3)\n",
    "print(\"u3:\\n\", u3)\n",
    "\n",
    "# Small Householder matrix\n",
    "P3_small = np.eye(len(V3)) - 2 * np.outer(u3, u3)\n",
    "print(\"P3_small:\\n\", P3_small)\n",
    "# Embed into full 5x5 matrix\n",
    "P3 = np.eye(n)\n",
    "\n",
    "# Insert into lower-right corner\n",
    "P3[3:, 3:] = P3_small\n",
    "print(\"P3:\\n\", P3)\n",
    "\n",
    "# third similarity transformation\n",
    "A3 = P3.T @ A2 @ P3\n",
    "print(\"A3:\\n\", A3)"
   ]
  },
  {
   "cell_type": "markdown",
   "id": "cadc1ff6-b65b-45fc-974e-cc521b80904f",
   "metadata": {},
   "source": [
    "# Hessenberg Matrix Structure in the QR Algorithm\n",
    "\n",
    "For the (4 by 4) Hessenberg matrix above, the QR algorithm mainly operates on the nonzero entries.\n",
    "\n",
    "## Approximately Zero Entries\n",
    "\n",
    "The following entries are approximately zero:\n",
    "\n",
    "$$\n",
    "a_{31}, \\quad a_{41}, \\quad a_{42}\n",
    "$$\n",
    "\n",
    "These values are only floating-point numerical roundoff errors.\n",
    "Computationally, they are treated as zero during QR iterations.\n",
    "\n",
    "### Computational Advantages of Hessenberg Reduction\n",
    "\n",
    "The QR algorithm becomes more efficient because:\n",
    "\n",
    "- most lower-left entries are zero\n",
    "- fewer operations are required\n",
    "- fewer matrix elements are updated\n",
    "- cache locality improves\n",
    "- memory movement decreases\n",
    "\n",
    "This is exactly why Hessenberg preprocessing is performed before QR iterations.\n",
    "\n",
    "### Cache Locality\n",
    "\n",
    "Cache locality means that data used during computations is stored close together in memory, allowing the CPU to access the data more efficiently.\n",
    "\n",
    "Modern processors use small high-speed memory called **cache** because accessing RAM is much slower than performing arithmetic operations.\n",
    "\n",
    "When the Hessenberg matrix contains mostly zeros, the QR algorithm mainly accesses nearby diagonal elements:\n",
    "\n",
    "$$\n",
    "\\begin{pmatrix}\n",
    "* & * & * & * \\\\\n",
    "* & * & * & * \\\\\n",
    "0 & * & * & * \\\\\n",
    "0 & 0 & * & *\n",
    "\\end{pmatrix}\n",
    "$$\n",
    "\n",
    "Therefore:\n",
    "\n",
    "- fewer matrix entries are accessed\n",
    "- nearby memory locations are reused\n",
    "- fewer cache misses occur\n",
    "- computations become faster\n",
    "\n",
    "This is called **better cache locality**."
   ]
  },
  {
   "cell_type": "code",
   "execution_count": 29,
   "id": "b7ba3044-b511-4f6d-8071-47068e40f77d",
   "metadata": {},
   "outputs": [
    {
     "name": "stdout",
     "output_type": "stream",
     "text": [
      "Iteration 1:\n",
      "[[3. 2.]\n",
      " [2. 0.]]\n",
      "Iteration 5:\n",
      "[[ 3.99998093  0.00976559]\n",
      " [ 0.00976559 -0.99998093]]\n",
      "Iteration 10:\n",
      "[[ 4.00000000e+00  9.53674316e-06]\n",
      " [ 9.53674316e-06 -1.00000000e+00]]\n",
      "Iteration 20:\n",
      "[[ 4.00000000e+00  9.09484251e-12]\n",
      " [ 9.09494702e-12 -1.00000000e+00]]\n"
     ]
    }
   ],
   "source": [
    "a = np.array([[0, 2], \n",
    "              [2, 3]])\n",
    "p = [1, 5, 10, 20]\n",
    "for i in range(20):\n",
    "    q, r = qr(a)\n",
    "    a = np.dot(r, q)\n",
    "    if i+1 in p:\n",
    "        print(f'Iteration {i+1}:')\n",
    "        print(a)"
   ]
  },
  {
   "cell_type": "markdown",
   "id": "aa189b7a-ecea-44e5-a5cc-cb773acca790",
   "metadata": {},
   "source": [
    "### Matrix Transformations & Subspace Operators\n",
    "\n",
    "| Left Multiplication Vector Mapping | Output Structural Representation | Diagonal Block Expansion ($\\mathbb{P}$) |\n",
    "| :---: | :---: | :---: |\n",
    "| Applying operator $P$ from the left side transforms the initial tracking column to: | $\\begin{pmatrix} a_{11} \\\\ \\alpha_{21} \\\\ 0 \\\\ \\vdots \\end{pmatrix}$ <br><br> *(note: running the step from the right side leaves column 1 completely unaffected)* | Re-run the structural sequence down the subspace hierarchy: <br><br> $\\mathbb{P} = \\begin{pmatrix} 1 & 0 & 0 & \\dots \\\\ 0 & 1 & 0 & \\dots \\\\ 0 & 0 & & \\\\ \\vdots & \\vdots & & \\mathbb{P} \\end{pmatrix}$ |\n",
    "\n",
    "<br>\n",
    "\n",
    "**Overall Algorithmic Complexity Scaling:** $\\quad \\frac{4}{3} N^3$\n",
    "\n",
    "### Complexity Theory and QR Algorithms\n",
    "\n",
    "This connects directly to **complexity theory** and **computational efficiency** in numerical linear algebra.\n",
    "\n",
    "Algorithms are mainly evaluated by:\n",
    "\n",
    "- **Time complexity**  \n",
    "  (operations take more time to evaluate and calculate the computations based on the size of the data received. Sometimes systems may become slow because of long operational times and heavy computations.)\n",
    "\n",
    "- **Space complexity (memory)**  \n",
    "  (measures how much memory/storage is required for computations and data processing. Large computations usually require large memory resources.)\n",
    "\n",
    "- **Energy / hardware cost**  \n",
    "  (large computational systems require powerful hardware, massive data centers, cooling systems, and optimization infrastructure. For example, current AI systems require huge data centers and advanced cooling systems in order to operate efficiently.)\n",
    "\n",
    "  \n",
    "  \n",
    "# Dense QR vs Hessenberg QR\n",
    "\n",
    "Suppose \\(A\\) is a dense matrix.\n",
    "\n",
    "A standard QR iteration on a dense matrix costs:\n",
    "\n",
    "$$\n",
    "\\mathcal{O}(N^3)\n",
    "$$\n",
    "\n",
    "because every QR step manipulates almost all matrix entries.  \n",
    "A dense matrix has almost all nonzero elements, therefore all these values must be stored and processed, which requires:\n",
    "\n",
    "- larger memory usage\n",
    "- more computational operations\n",
    "- more memory movement between hardware\n",
    "\n",
    "This increases both computational time and hardware cost.\n",
    "\n",
    "# After Hessenberg Reduction\n",
    "\n",
    "After Hessenberg reduction, most entries become zero:\n",
    "\n",
    "$$\n",
    "H =\n",
    "\\begin{pmatrix}\n",
